clc;
clear;
close all;
%% pos-High

x=-5:1:5;
y=gaussmf(x,[0.7 2.6]);
A1=[y;1 zeros(1,10);zeros(9,11)];
Q=zeros(11,11);

P1=[2.60737015275775	1.97132546030291	1.97405075469861	1.39911792222994	1.67900817954557	2.36638729723460	1.31069826582017	2.92559114627977	1.51705646367073	2.92848442624928	1.60655046612025;
1.97132546030291	3.82681979461511	2.05153647675966	2.12667264760264	3.02719643553082	3.18885510264173	2.09839057308976	3.85551510666893	3.23566149553588	3.61909291602660	2.24828881950086;
1.97405075469861	2.05153647675966	2.88843751890040	2.19641092511652	2.72715987841103	3.06093130515367	2.58830308785239	3.00308844585002	2.27957709279743	3.10497628587223	2.15480058343251;
1.39911792222994	2.12667264760264	2.19641092511652	2.67987840663098	2.45750041652342	2.95785050510285	2.33814750983567	2.59213133811369	2.31146985527829	2.45023886258342	2.30161017678303;
1.67900817954557	3.02719643553082	2.72715987841103	2.45750041652342	3.54554590683418	3.46106860713776	2.93862641994415	3.27519873425469	2.84195491463995	3.21435345091067	2.45216464611223;
2.36638729723460	3.18885510264173	3.06093130515367	2.95785050510285	3.46106860713776	4.98760620446215	3.47486606527292	4.52780401612300	3.19576758185821	3.80421822664254	2.73535971304199;
1.31069826582017	2.09839057308976	2.58830308785239	2.33814750983567	2.93862641994415	3.47486606527292	3.74712840453300	3.04388883782865	2.68686569727532	2.93442405248885	1.76760057928410;
2.92559114627977	3.85551510666893	3.00308844585002	2.59213133811369	3.27519873425469	4.52780401612300	3.04388883782865	6.13360479944731	3.98517269464318	4.83766367019670	2.75226693068466;
1.51705646367073	3.23566149553588	2.27957709279743	2.31146985527829	2.84195491463995	3.19576758185821	2.68686569727532	3.98517269464318	3.60069205532859	3.65388453552133	2.13550968382432;
2.92848442624928	3.61909291602660	3.10497628587223	2.45023886258342	3.21435345091067	3.80421822664254	2.93442405248885	4.83766367019670	3.65388453552133	5.16289445439860	2.45979336886660;
1.60655046612025	2.24828881950086	2.15480058343251	2.30161017678303	2.45216464611223	2.73535971304199	1.76760057928410	2.75226693068466	2.13550968382432	2.45979336886660	2.50450997374592];

d1=A1'*P1+P1*A1;
det(d1)
%% pos-Low
x1=-5:1:5;
y1=gaussmf(x1,[0.25 0.8]);
A2=[y1;1 zeros(1,10);zeros(9,11)];

d2=A2'*P1+P1*A2;
det(d2)
%% zero
y2=gaussmf(x1, [0.001 0]);
A3=[y1;1 zeros(1,10);zeros(9,11)];


d3=A3'*P1+P1*A3;
det(d3)
%% neg-low
y3=gaussmf(x1,  [0.25 -0.8]);
A4=[y1;1 zeros(1,10);zeros(9,11)];

d4=A4'*P1+P1*A4;
det(d4)
%% neg-high
y4=gaussmf(x1,   [0.7 -2.6]);
A5=[y1;1 zeros(1,10);zeros(9,11)];

d5=A5'*P1+P1*A5;
det(d5)
